>> AsymGibbs
Confusion Matrix for K-means : 
Confusion Matrix : 

confMtx =

        9298       12884
        2445         565

Accuracy : 

accur =

    0.3915


ans =

    0.6085

***************** k = 2 *****************
Initialization:
results:
Mu Array :
  Columns 1 through 13

    0.0066    0.9763    0.8253    0.8555    0.0098   -0.0892    0.0806   -0.0693   -0.1888   -0.0383   -0.0982    0.9278   -0.1531
    0.0948    0.7732    0.5675    0.5834    0.1040    0.0417    0.0605   -0.0343    0.0737   -0.0053    0.0318    0.3280    0.0752

  Columns 14 through 26

    0.0811   -0.1383   -0.0139   -0.0298    0.0528   -0.0992    0.0395    0.0899   -0.0246   -0.0401    0.0648    0.2172    0.2944
   -0.0060    0.0789    0.0728   -0.0958   -0.1282   -0.1017   -0.0937   -0.1092   -0.0751    0.1565   -0.0217    0.3823    0.3160

  Columns 27 through 39

    0.0126   -0.1958    1.0688    0.0667    0.1524   -0.0509    0.9937    0.9007   -0.0581    0.2968   -0.0748    0.2980   -0.0022
    0.2321    0.1644    0.7247    0.1194   -0.0008    0.6452    0.4423    0.5024    0.1660    0.1179   -0.0742    0.3203    0.3060

  Columns 40 through 42

    0.1741    0.0432    0.8838
    0.3665    0.2580    0.9868

Sigma Array :
    0.3071    0.0491
    0.1465    0.9407
    0.1753    0.6198
    0.2077    0.1249
    0.2075    0.1986
    0.4034    0.1438
    0.3168    0.7189
    0.1676    0.9584
    0.0327    0.6842
    0.4709    0.4206
    0.0394    0.3759
    0.0290    0.8345
    0.0088    0.2202
    0.1860    0.8503
    0.3746    1.2297
    0.0144    0.5578
    0.2095    0.2621
    0.2945    1.0188
    0.1100    0.2994
    0.0678    0.1087
    0.1010    0.3533
    0.2124    0.9186
    0.2570    0.4341
    0.1513    0.2130
    0.0255    0.9451
    0.5280    0.6814
    0.1220    0.4493
    0.1727    0.5489
    0.0557    0.6824
    0.1131    0.5069
    0.1612    0.2755
    0.3150    0.9107
    0.2844    0.6659
    0.0864    0.8308
    0.0207    0.2948
    0.1162    0.5638
    0.1002    0.0823
    0.1524    1.1656
    0.0212    1.2394
    0.2561    0.4836
    0.1310    0.5008
    0.0656    0.8796
    0.1572    0.5533
    0.1167    0.6114
    0.1654    0.6631
    0.0758    0.4508
    0.0095    0.9372
    0.1412    0.0398
    0.2604    0.2264
    0.1205    0.0786
    0.1834    0.0490
    0.4145    0.0301
    0.0156    0.4108
    0.3963    0.9933
    0.1248    0.2824
    0.2178    0.5724
    0.2046    0.9569
    0.1244    0.5356
    0.2125    0.3551
    0.0605    0.1777
    0.2321    0.1643
    0.0456    0.1230
    0.2404    0.1771
    0.1190    0.8012
    0.3427    0.3458
    0.0706    0.2888
    0.1247    0.3041
    0.2054    0.7886
    0.1509    0.8075
    0.0382    1.3720
    0.1847    0.4551
    0.3480    0.5494
    0.6209    0.7026
    0.0738    0.6253
    0.1669    0.6520
    0.3692    0.4403
    0.1585    0.4403
    0.2420    0.7668
    0.2747    0.4894
    0.1724    0.2347
    0.1442    0.2959
    0.1102    0.8448
    0.1741    0.6065
    0.3351    1.0246

Euclidean distance of calculated and original MUs and SIGMAs :
For No.:1 cluster:
Euclidean distance of Mu : 1.3699
Euclidean distance of Sigma : 1.3693      1.3912
For No.:2 cluster:
Euclidean distance of Mu : 1.8061
Euclidean distance of Sigma : 1.2553      1.1742
Warning: Matrix is close to singular or badly scaled. Results may be inaccurate. RCOND =  2.220446e-16. 
> In mvnpdf (line 132)
  In AsymGibbs (line 450) 
Warning: Matrix is close to singular or badly scaled. Results may be inaccurate. RCOND =  2.220446e-16. 
> In mvnpdf (line 132)
  In AsymGibbs (line 450) 
Confusion Matrix : 

confMtx =

         369        8897
       11374        4552

Accuracy : 

accur =

    0.1953


ans =

    0.8047

>> 