>> AsymGibbs
Confusion Matrix for K-means : 
Confusion Matrix : 

confMtx =

        9298       12884
        2445         565

Accuracy : 

accur =

    0.3915


ans =

    0.6085

Confusion Matrix for GMM : 
Confusion Matrix : 

confMtx =

        9279       12865
        2464         584

Accuracy : 

accur =

    0.3915


ans =

    0.6085

***************** k = 2 *****************
Initialization:
results:
Mu Array :
  Columns 1 through 13

    0.0520    0.7645    0.5799    1.0176   -0.0252    0.0446   -0.0875    0.0356   -0.0207    0.1959   -0.0117    0.6836    0.0460
    0.0866    0.9752    0.4448    0.5800   -0.0582   -0.1707    0.1325   -0.1769    0.0830   -0.1114    0.0057    0.2776    0.0791

  Columns 14 through 26

   -0.0490    0.1184    0.0408    0.1028   -0.0669   -0.0801    0.0542    0.0685    0.0651    0.2122    0.1375   -0.0000   -0.0945
    0.1415   -0.0246    0.1333   -0.1426   -0.1345    0.0655    0.0545    0.0152   -0.1532    0.2602    0.1448    0.4066    0.3709

  Columns 27 through 39

    0.0189    0.0694    1.1146   -0.0644    0.1521    0.9744    1.0030    0.9019   -0.0997    0.0489   -0.0746    0.0036   -0.1596
    0.0560    0.1399    0.6390    0.0917    0.0919    0.7020    0.2061    0.3302   -0.0138    0.0100    0.0067    0.4802    0.3432

  Columns 40 through 41

   -0.0561   -0.0510
    0.2479    0.0768

Sigma Array :
    0.0539    0.1515
    0.0742    0.7965
    0.1808    0.4135
    0.1766    0.9062
    0.0542    0.1014
    0.0857    0.2954
    0.2891    1.1360
    0.1475    1.0132
    0.1684    1.0669
    0.2563    0.3062
    0.0503    0.3379
    0.0548    0.8078
    0.2627    0.1153
    0.1658    1.1706
    0.2071    0.8299
    0.1249    0.1718
    0.0840    0.2357
    0.0952    0.8572
    0.0411    0.3369
    0.0438    0.2639
    0.1556    0.0955
    0.0392    0.9361
    0.0855    0.2767
    0.1526    0.1694
    0.2271    0.7272
    0.0492    0.9018
    0.0380    0.5613
    0.0930    0.3899
    0.2320    0.7237
    0.0581    0.1699
    0.0692    0.4988
    0.0773    0.7626
    0.1601    0.7057
    0.0430    0.8215
    0.1205    0.2190
    0.0932    0.4943
    0.2191    0.0651
    0.0950    1.0781
    0.1142    0.7210
    0.2213    0.1076
    0.0010    0.2793
    0.1364    0.7839
    0.2128    0.7853
    0.2877    0.4288
    0.1763    0.1802
    0.0563    1.1098
    0.3173    0.0713
    0.2637    0.1979
    0.1976    0.0757
    0.2300    0.0067
    0.1701    0.2058
    0.2130    0.3306
    0.0487    0.7402
    0.1297    0.4048
    0.2058    0.6596
    0.0499    0.9422
    0.1604    0.5234
    0.1119    0.2987
    0.0728    0.1653
    0.2624    0.1828
    0.2265    0.1547
    0.0031    0.0227
    0.1027    0.7653
    0.2604    0.6029
    0.1218    0.0904
    0.0470    0.2894
    0.0723    0.9028
    0.0759    0.7102
    0.2534    0.9565
    0.0676    0.4871
    0.0664    0.3983
    0.2161    1.0330
    0.2019    0.8099
    0.0273    0.3606
    0.1393    0.5689
    0.0633    0.5444
    0.1115    0.6043
    0.1036    0.4694
    0.1651    0.1438
    0.2405    0.4141
    0.1109    0.8542
    0.0318    0.5977

Euclidean distance of calculated and original MUs and SIGMAs :
For No.:1 cluster:
Euclidean distance of Mu : 1.2334
Euclidean distance of Sigma : 0.89413     0.79827
For No.:2 cluster:
Euclidean distance of Mu : 2.0228
Euclidean distance of Sigma : 0.87408     0.90883
Warning: Matrix is close to singular or badly scaled. Results may be inaccurate. RCOND =  2.220446e-16. 
> In mvnpdf (line 132)
  In AsymGibbs (line 449) 
Warning: Matrix is close to singular or badly scaled. Results may be inaccurate. RCOND =  2.220446e-16. 
> In mvnpdf (line 132)
  In AsymGibbs (line 449) 
Confusion Matrix : 

confMtx =

         259        7828
       11484        5621

Accuracy : 

accur =

    0.2334


ans =

    0.7666


